[images ОЗУП.jpg]
filters=IR=1,0.000000;Orton=1,50.000000,100.000000,0.000000;Invert=1;
moddate=571d1088ee6ad901
width=166
height=132
textactive=0
[1640430570_6-abrakadabra-fun-p-uzori-kazakhskogo-ornamenta-7.jpg]
filters=IR=1,0.000000;HDR=1,80.000000,7.000000,100.000000;Invert=1;
moddate=83cb7ae4ee6ad901
width=1200
height=1200
textactive=0
[1654092858_2-flomaster-club-p-kirgizskie-uzori-risunki-krasivo-2.jpg]
filters=IR=1,0.000000;HDR=1,80.000000,7.000000,100.000000;Invert=1;
moddate=a8c22317ef6ad901
width=2892
height=1926
textactive=0
